t <- c("A", 1:3, "A", 1:4, "A", 1:3)
t